ARQUIVO
  GET
    arquivo existe | dir pai pode ser listado | dir pai pode ser lido | tem barra no fim do caminho | pode ser lido | RESULTADO |
          0        |             1            |           1           |             0               |       0       |    404    |
          0        |             1            |           1           |             0               |       1       |    404    |
          0        |             1            |           1           |             1               |       0       |    404    |
          0        |             1            |           1           |             1               |       1       |    404    |
          0        |             0            |           1           |             0               |       0       |    404    |
          0        |             0            |           1           |             0               |       1       |    404    |
          0        |             0            |           1           |             1               |       0       |    404    |
          0        |             0            |           1           |             1               |       1       |    404    |
	
	
          0        |             0            |           0           |             0               |       0       |    403    |
          0        |             0            |           0           |             0               |       1       |    403    |
          0        |             0            |           0           |             1               |       0       |    403    |
          0        |             0            |           0           |             1               |       1       |    403    |
          0        |             1            |           0           |             0               |       0       |    403    |
          0        |             1            |           0           |             0               |       1       |    403    |
          0        |             1            |           0           |             1               |       0       |    403    |
          0        |             1            |           0           |             1               |       1       |    403    |
-------
		  
          1        |             0            |           1           |             1               |       0       |    404    |
          1        |             0            |           1           |             1               |       1       |    404    |
          1        |             1            |           1           |             1               |       0       |    404    |
          1        |             1            |           1           |             1               |       1       |    404    |
		  
		  
		  
		  
          1        |             0            |           0           |             0               |       0       |    403    |
          1        |             0            |           0           |             0               |       1       |    403    |
          1        |             0            |           0           |             1               |       0       |    403    |
          1        |             0            |           0           |             1               |       1       |    403    |
          1        |             0            |           1           |             0               |       0       |    403    |


          1        |             1            |           0           |             0               |       0       |    403    |
          1        |             1            |           0           |             0               |       1       |    403    |
          1        |             1            |           0           |             1               |       0       |    403    |
          1        |             1            |           0           |             1               |       1       |    403    |
          1        |             1            |           1           |             0               |       0       |    403    |
		  
          1        |             0            |           1           |             0               |       1       |    200    |
          1        |             1            |           1           |             0               |       1       |    200    |
























+++++++++++++++++++++++++++++++++++++






















    dir_777/file

    arquivo existe | dir pai pode ser lido | dir pai pode ser listado | tem barra no fim do caminho | pode ser lido | RESULTADO |
          0        |           1           |             1            |             0               |       0       |    404    |
          0        |           1           |             1            |             0               |       1       |    404    |
          0        |           1           |             1            |             1               |       0       |    404    |
          0        |           1           |             1            |             1               |       1       |    404    |
          0        |           1           |             0            |             0               |       0       |    404    |
          0        |           1           |             0            |             0               |       1       |    404    |
          0        |           1           |             0            |             1               |       0       |    404    |
          0        |           1           |             0            |             1               |       1       |    404    |
          1        |           1           |             0            |             1               |       0       |    404    |
          1        |           1           |             0            |             1               |       1       |    404    |
          1        |           1           |             1            |             1               |       0       |    404    |
          1        |           1           |             1            |             1               |       1       |    404    |
-------
          1        |           1           |             0            |             0               |       0       |    403    |
          1        |           1           |             1            |             0               |       0       |    403    |
          0        |           0           |             0            |             0               |       0       |    403    |
          0        |           0           |             0            |             0               |       1       |    403    |
          0        |           0           |             0            |             1               |       0       |    403    |
          0        |           0           |             0            |             1               |       1       |    403    |
          0        |           0           |             1            |             0               |       0       |    403    |
          0        |           0           |             1            |             0               |       1       |    403    |
          0        |           0           |             1            |             1               |       0       |    403    |
          0        |           0           |             1            |             1               |       1       |    403    |
          1        |           0           |             0            |             0               |       0       |    403    |
          1        |           0           |             0            |             0               |       1       |    403    |
          1        |           0           |             0            |             1               |       0       |    403    |
          1        |           0           |             0            |             1               |       1       |    403    |
          1        |           0           |             1            |             0               |       0       |    403    |
          1        |           0           |             1            |             0               |       1       |    403    |
          1        |           0           |             1            |             1               |       0       |    403    |
          1        |           0           |             1            |             1               |       1       |    403    |
-------
          1        |           1           |             0            |             0               |       1       |    200    |
          1        |           1           |             1            |             0               |       1       |    200    |
		  
		  
		  
		  
		  
		  
		  
		  
	
++++++++++++++++++++++++++++++++++++++++++++++++++++++++++++



    arquivo existe | dir pai pode ser lido | tem barra no fim do caminho | pode ser lido | RESULTADO |
          0        |           1           |             0               |       0       |    404    |
          0        |           1           |             0               |       1       |    404    |
          0        |           1           |             0               |       0       |    404    |
          0        |           1           |             0               |       1       |    404    |
          0        |           1           |             1               |       0       |    404    |
          0        |           1           |             1               |       1       |    404    |
          0        |           1           |             1               |       0       |    404    |
          0        |           1           |             1               |       1       |    404    |
          1        |           1           |             1               |       0       |    404    |
          1        |           1           |             1               |       1       |    404    |
          1        |           1           |             1               |       0       |    404    |
          1        |           1           |             1               |       1       |    404    |
-------
          1        |           1           |             0               |       0       |    403    |
          1        |           1           |             0               |       0       |    403    |
          0        |           0           |             0               |       0       |    403    |
          0        |           0           |             0               |       1       |    403    |
          0        |           0           |             1               |       0       |    403    |
          0        |           0           |             1               |       1       |    403    |
          0        |           0           |             0               |       0       |    403    |
          0        |           0           |             0               |       1       |    403    |
          0        |           0           |             1               |       0       |    403    |
          0        |           0           |             1               |       1       |    403    |
          1        |           0           |             0               |       0       |    403    |
          1        |           0           |             0               |       1       |    403    |
          1        |           0           |             1               |       0       |    403    |
          1        |           0           |             1               |       1       |    403    |
          1        |           0           |             0               |       0       |    403    |
          1        |           0           |             0               |       1       |    403    |
          1        |           0           |             1               |       0       |    403    |
          1        |           0           |             1               |       1       |    403    |
-------
          1        |           1           |             0               |       1       |    200    |
          1        |           1           |             0               |       1       |    200    |

