ARQUIVO

	arquivo existe | dir pai pode ser listado | dir pai pode ser lido	| tem barra no fim do caminho | pode ser lido | RESULTADO
	      0        |             0            |           0             |            0                |       0       |   
	      0        |             0            |           0             |            0                |       1       |   
	      0        |             0            |           0             |            1                |       0       |   
	      0        |             0            |           0             |            1                |       1       |   
	      0        |             0            |           1             |            0                |       0       |   
	      0        |             0            |           1             |            0                |       1       |   
	      0        |             0            |           1             |            1                |       0       |   
	      0        |             0            |           1             |            1                |       1       |   
	      0        |             1            |           0             |            0                |       0       |   
	      0        |             1            |           0             |            0                |       1       |   
	      0        |             1            |           0             |            1                |       0       |   
	      0        |             1            |           0             |            1                |       1       |   
	      0        |             1            |           1             |            0                |       0       |   
	      0        |             1            |           1             |            0                |       1       |   
	      0        |             1            |           1             |            1                |       0       |   
	      0        |             1            |           1             |            1                |       1       |   
	      1        |             0            |           0             |            0                |       0       |   
	      1        |             0            |           0             |            0                |       1       |   
	      1        |             0            |           0             |            1                |       0       |   
	      1        |             0            |           0             |            1                |       1       |   
	      1        |             0            |           1             |            0                |       0       |   
	      1        |             0            |           1             |            0                |       1       |   
	      1        |             0            |           1             |            1                |       0       |   
	      1        |             0            |           1             |            1                |       1       |   
	      1        |             1            |           0             |            0                |       0       |   
	      1        |             1            |           0             |            0                |       1       |   
	      1        |             1            |           0             |            1                |       0       |   
	      1        |             1            |           0             |            1                |       1       |   
	      1        |             1            |           1             |            0                |       0       |   
	      1        |             1            |           1             |            0                |       1       |   
	      1        |             1            |           1             |            1                |       0       |   
	      1        |             1            |           1             |            1                |       1       |   



		  

curl -X GET -I localhost:80/dir_000/not_exist.txt | grep "HTTP/1.1" | cut -d ' ' -f 2

